170.0 305.0 0
171.0 242.0 0
172.0 364.0 0
173.0 180.0 0
175.0 122.0 0
196.0 407.0 0
201.0 292.0 1
202.0 162.0 1 227.0 1
205.0 89.0 0
213.0 348.0 1
221.0 438.0 0
230.0 134.0 1
233.0 63.0 0 375.0 1
234.0 255.0 2
240.0 314.0 2
241.0 195.0 2
246.0 456.0 0
259.0 398.0 1
260.0 107.0 1
265.0 35.0 0
268.0 336.0 2
275.0 167.0 2 254.0 3
276.0 479.0 0
287.0 93.0 1
289.0 217.0 3
294.0 421.0 1
299.0 362.0 2
300.0 296.0 3
306.0 27.0 0 152.0 2
309.0 503.0 0
319.0 84.0 1
320.0 444.0 1
330.0 386.0 2
333.0 207.0 3
337.0 316.0 3
339.0 523.0 0
342.0 142.0 2 261.0 4
343.0 14.0 0
347.0 75.0 1 467.0 1
359.0 399.0 2
372.0 206.0 3
374.0 532.0 0 342.0 3
377.0 272.0 5
378.0 137.0 2
379.0 68.0 1 476.0 1
382.0 5.0 0
394.0 415.0 2
397.0 350.0 3
406.0 547.0 0
407.0 484.0 1
